001000000 00011100000000000000
011000000 00000011000100000000
001000001 00011100000000000000
011000001 00000011000100000000
001000010 00011100000000000000
011000010 00000011000100000000
001000011 00011100000000000000
011000011 00000011000100000000
001000100 00011100000000000000
011000100 00000011000100000000
001000101 00011100000000000000
011000101 00000011000100000000
001000110 00011100000000000000
011000110 00000011000100000000
000100100 00011100000000000000
010100100 00000011000100000000
001010000 00010100000000000000
011010000 00000011000100000000
001010001 00010100000000000000
011010001 00000011000100000000
001010010 00010100000000000000
011010010 00000011000100000000
001010011 00010100000000000000
011010011 00000011000100000000
001010100 00010100000000000000
011010100 00000011000100000000
001010101 00010100000000000000
011010101 00000011000100000000
001010110 00010100000000000000
011010110 00000011000100000000
000010000 00011100000000000000
010010000 00000001000000000000
000010001 00000000000000100000
010010001 00000001000000000000
000100000 10101000000000000000
010100000 11000000000000000000
100100000 00000011000010000000
000100001 01101100000000000000
010100001 00000000000000000010
100100001 00000001000000000000
000100011 00000000100000000000
010100011 00000011000000001000
